V 54
K 1
D 0 -1524000 4826000 0
Y 1
U 4445000 762000 254000 0 2 3 REFDES=IC?
U 4445000 508000 254000 0 2 3 DEVICE=TPS259474LRPWR
U 4445000 254000 254000 0 2 0 PKG_TYPE=TPS259474LRPWR
U 4445000 0 254000 0 2 0 Description=Hot Swap Voltage Controllers 2.7-V to 23-V, 28-m?, 5.5-A eFuse with integrated reverse polarity protection
U 4445000 -254000 254000 0 2 0 Datasheet Link=https://www.ti.com/lit/gpn/tps25981
U 4445000 -508000 254000 0 2 0 Height=1
U 4445000 -762000 254000 0 2 0 Mouser Part Number=595-TPS259474LRPWR
U 4445000 -1016000 254000 0 2 0 Mouser Price/Stock=https://www.mouser.co.uk/ProductDetail/Texas-Instruments/TPS259474LRPWR?qs=iLbezkQI%252BsixXidX03eIQA%3D%3D
U 4445000 -1270000 254000 0 2 0 Manufacturer_Name=Texas Instruments
U 4445000 -1524000 254000 0 2 0 Manufacturer_Part_Number=TPS259474LRPWR
U 0 0 254000 0 1 0 FORWARD_PCB=1
l 5 508000 254000 4318000 254000 4318000 -1778000 508000 -1778000 508000 254000
|GRPHSTL -1 -1 -1 1
P 1 0 0 508000 0 0 2 0
L 584200 0 228600 0 2 0 1 0 EN/UVLO_1
A 355600 50800 203200 0 9 3 #=1
A 0 0 9 0 3 0 PINTYPE=BI
P 2 0 -254000 508000 -254000 0 2 0
L 584200 -254000 228600 0 2 0 1 0 OVLO/_OVCSEL
A 355600 -203200 203200 0 9 3 #=2
A 0 0 9 0 3 0 PINTYPE=BI
P 3 0 -508000 508000 -508000 0 2 0
L 584200 -508000 228600 0 2 0 1 0 PG/_AUXOFF
A 355600 -457200 203200 0 9 3 #=3
A 0 0 9 0 3 0 PINTYPE=BI
P 4 0 -762000 508000 -762000 0 2 0
L 584200 -762000 228600 0 2 0 1 0 PGTH/~FLT_1
A 355600 -711200 203200 0 9 3 #=4
A 0 0 9 0 3 0 PINTYPE=BI
P 5 0 -1016000 508000 -1016000 0 2 0
L 584200 -1016000 228600 0 2 0 1 0 IN
A 355600 -965200 203200 0 9 3 #=5
A 0 0 9 0 3 0 PINTYPE=BI
P 6 0 -1270000 508000 -1270000 0 2 0
L 584200 -1270000 228600 0 2 0 1 0 OUT
A 355600 -1219200 203200 0 9 3 #=6
A 0 0 9 0 3 0 PINTYPE=BI
P 7 0 -1524000 508000 -1524000 0 2 0
L 584200 -1524000 228600 0 2 0 1 0 DVDT_1
A 355600 -1473200 203200 0 9 3 #=7
A 0 0 9 0 3 0 PINTYPE=BI
P 8 4826000 0 4318000 0 0 3 0
L 4241800 0 228600 0 8 0 1 0 GND
A 4470400 50800 203200 0 3 3 #=8
A 0 0 9 0 3 0 PINTYPE=BI
P 9 4826000 -254000 4318000 -254000 0 3 0
L 4241800 -254000 228600 0 8 0 1 0 ILM
A 4470400 -203200 203200 0 3 3 #=9
A 0 0 9 0 3 0 PINTYPE=BI
P 10 4826000 -508000 4318000 -508000 0 3 0
L 4241800 -508000 228600 0 8 0 1 0 ITIMER_1
A 4470400 -457200 203200 0 3 3 #=10
A 0 0 9 0 3 0 PINTYPE=BI
P 11 4826000 -762000 4318000 -762000 0 3 0
L 4241800 -762000 228600 0 8 0 1 0 EN/UVLO_2
A 4470400 -711200 203200 0 3 3 #=11
A 0 0 9 0 3 0 PINTYPE=BI
P 12 4826000 -1016000 4318000 -1016000 0 3 0
L 4241800 -1016000 228600 0 8 0 1 0 PGTH/~FLT_2
A 4470400 -965200 203200 0 3 3 #=12
A 0 0 9 0 3 0 PINTYPE=BI
P 13 4826000 -1270000 4318000 -1270000 0 3 0
L 4241800 -1270000 228600 0 8 0 1 0 DVDT_2
A 4470400 -1219200 203200 0 3 3 #=13
A 0 0 9 0 3 0 PINTYPE=BI
P 14 4826000 -1524000 4318000 -1524000 0 3 0
L 4241800 -1524000 228600 0 8 0 1 0 ITIMER_2
A 4470400 -1473200 203200 0 3 3 #=14
A 0 0 9 0 3 0 PINTYPE=BI
E
