V 54
K 1
D 0 -1524000 4064000 0
Y 1
U 3683000 762000 254000 0 2 3 REFDES=IC?
U 3683000 508000 254000 0 2 3 DEVICE=TPS259472ARPWR
U 3683000 254000 254000 0 2 0 PKG_TYPE=TPS259472ARPWR
U 3683000 0 254000 0 2 0 Description=Hot Swap Voltage Controllers 2.7-V to 23-V, 28-m?, 5.5-A eFuse with integrated reverse polarity protection
U 3683000 -254000 254000 0 2 0 Datasheet Link=https://www.ti.com/lit/ds/symlink/tps25947.pdf?ts=1761904658681&ref_url=https%253A%252F%252Fwww.mouser.tw%252F
U 3683000 -508000 254000 0 2 0 Height=1
U 3683000 -762000 254000 0 2 0 Mouser Part Number=595-TPS259472ARPWR
U 3683000 -1016000 254000 0 2 0 Mouser Price/Stock=https://www.mouser.co.uk/ProductDetail/Texas-Instruments/TPS259472ARPWR?qs=iLbezkQI%252BshCnrYg81AACA%3D%3D
U 3683000 -1270000 254000 0 2 0 Manufacturer_Name=Texas Instruments
U 3683000 -1524000 254000 0 2 0 Manufacturer_Part_Number=TPS259472ARPWR
U 0 0 254000 0 1 0 FORWARD_PCB=1
l 5 508000 254000 3556000 254000 3556000 -1778000 508000 -1778000 508000 254000
|GRPHSTL -1 -1 -1 1
P 1 0 0 508000 0 0 2 0
L 584200 0 228600 0 2 0 1 0 EN/UVLO_1
A 355600 50800 203200 0 9 3 #=1
A 0 0 9 0 3 0 PINTYPE=BI
P 2 0 -254000 508000 -254000 0 2 0
L 584200 -254000 228600 0 2 0 1 0 OVCSEL
A 355600 -203200 203200 0 9 3 #=2
A 0 0 9 0 3 0 PINTYPE=BI
P 3 0 -508000 508000 -508000 0 2 0
L 584200 -508000 228600 0 2 0 1 0 PG
A 355600 -457200 203200 0 9 3 #=3
A 0 0 9 0 3 0 PINTYPE=BI
P 4 0 -762000 508000 -762000 0 2 0
L 584200 -762000 228600 0 2 0 1 0 PGTH_1
A 355600 -711200 203200 0 9 3 #=4
A 0 0 9 0 3 0 PINTYPE=BI
P 5 0 -1016000 508000 -1016000 0 2 0
L 584200 -1016000 228600 0 2 0 1 0 IN
A 355600 -965200 203200 0 9 3 #=5
A 0 0 9 0 3 0 PINTYPE=BI
P 6 0 -1270000 508000 -1270000 0 2 0
L 584200 -1270000 228600 0 2 0 1 0 OUT
A 355600 -1219200 203200 0 9 3 #=6
A 0 0 9 0 3 0 PINTYPE=BI
P 7 0 -1524000 508000 -1524000 0 2 0
L 584200 -1524000 228600 0 2 0 1 0 DVDT_1
A 355600 -1473200 203200 0 9 3 #=7
A 0 0 9 0 3 0 PINTYPE=BI
P 8 4064000 0 3556000 0 0 3 0
L 3479800 0 228600 0 8 0 1 0 GND
A 3708400 50800 203200 0 3 3 #=8
A 0 0 9 0 3 0 PINTYPE=BI
P 9 4064000 -254000 3556000 -254000 0 3 0
L 3479800 -254000 228600 0 8 0 1 0 ILM
A 3708400 -203200 203200 0 3 3 #=9
A 0 0 9 0 3 0 PINTYPE=BI
P 10 4064000 -508000 3556000 -508000 0 3 0
L 3479800 -508000 228600 0 8 0 1 0 ITIMER_1
A 3708400 -457200 203200 0 3 3 #=10
A 0 0 9 0 3 0 PINTYPE=BI
P 11 4064000 -762000 3556000 -762000 0 3 0
L 3479800 -762000 228600 0 8 0 1 0 ITIMER_2
A 3708400 -711200 203200 0 3 3 #=11
A 0 0 9 0 3 0 PINTYPE=BI
P 12 4064000 -1016000 3556000 -1016000 0 3 0
L 3479800 -1016000 228600 0 8 0 1 0 EN/UVLO_2
A 3708400 -965200 203200 0 3 3 #=12
A 0 0 9 0 3 0 PINTYPE=BI
P 13 4064000 -1270000 3556000 -1270000 0 3 0
L 3479800 -1270000 228600 0 8 0 1 0 PGTH_2
A 3708400 -1219200 203200 0 3 3 #=13
A 0 0 9 0 3 0 PINTYPE=BI
P 14 4064000 -1524000 3556000 -1524000 0 3 0
L 3479800 -1524000 228600 0 8 0 1 0 DVDT_2
A 3708400 -1473200 203200 0 3 3 #=14
A 0 0 9 0 3 0 PINTYPE=BI
E
