V 54
K 1
D 0 -508000 762000 1016000
Y 1
U 1143000 381000 254000 0 2 3 REFDES=Q?
U 1143000 127000 254000 0 2 3 DEVICE=FDD3N40TM
U 1143000 -127000 254000 0 2 0 PKG_TYPE=FDD3N40TM
U 1143000 -381000 254000 0 2 0 Description=Low gate charge ( Typ. 4.5nC); 100% avalanche tested; RDS(on) = 3.4 ( Max.)@ VGS = 10V, ID = 1A; Low Crss ( Typ. 3.7pF)
U 1143000 -635000 254000 0 2 0 Datasheet Link=https://www.onsemi.com/pub/Collateral/FDU3N40-D.pdf
U 1143000 -889000 254000 0 2 0 Height=2.39
U 1143000 -1143000 254000 0 2 0 Mouser Part Number=512-FDD3N40TM
U 1143000 -1397000 254000 0 2 0 Mouser Price/Stock=https://www.mouser.co.uk/ProductDetail/ON-Semiconductor-Fairchild/FDD3N40TM?qs=fZj41zbgrf2zZ9fPKAy2hg%3D%3D
U 1143000 -1651000 254000 0 2 0 Manufacturer_Name=onsemi
U 1143000 -1905000 254000 0 2 0 Manufacturer_Part_Number=FDD3N40TM
U 0 0 254000 0 1 0 FORWARD_PCB=1
l 2 762000 254000 762000 -254000
|GRPHSTL -1 -1 -1 1
l 2 762000 508000 762000 762000
|GRPHSTL -1 -1 -1 1
l 3 254000 0 508000 0 508000 508000
|GRPHSTL -1 -1 -1 1
l 2 762000 254000 584200 254000
|GRPHSTL -1 -1 -1 1
l 2 762000 508000 584200 508000
|GRPHSTL -1 -1 -1 1
l 2 584200 0 762000 0
|GRPHSTL -1 -1 -1 1
l 2 584200 558800 584200 457200
|GRPHSTL -1 -1 -1 1
l 2 584200 -50800 584200 50800
|GRPHSTL -1 -1 -1 1
l 2 584200 203200 584200 304800
|GRPHSTL -1 -1 -1 1
l 4 584200 254000 685800 304800 685800 203200 584200 254000
|GRPHSTL -1 1 -1 3
c 635000 254000 381000
|GRPHSTL -1 -1 -1 3
P 1 0 0 254000 0 0 2 0
L 0 -50800 228600 0 1 0 3 0 G
A 203200 25400 203200 0 9 3 #=1
A 0 0 9 0 3 0 PINTYPE=BI
P 2 762000 1016000 762000 762000 0 0 0
L 812800 1016000 228600 0 1 0 3 0 D
A 711200 1016000 203200 0 7 3 #=3
A 0 0 9 0 3 0 PINTYPE=BI
P 3 762000 -508000 762000 -254000 0 1 0
L 812800 -508000 228600 0 3 0 3 0 S
A 711200 -508000 203200 0 9 3 #=2
A 0 0 9 0 3 0 PINTYPE=BI
E
