V 54
K 1
D 0 -508000 3048000 0
Y 1
U 2667000 762000 254000 0 2 3 REFDES=S?
U 2667000 508000 254000 0 2 3 DEVICE=B22AP
U 2667000 254000 254000 0 2 0 PKG_TYPE=B22AP
U 2667000 0 254000 0 2 0 Description=Toggle Switches DPDT ON-NONE-ON .394 BAT STRAIGHT PC
U 2667000 -254000 254000 0 2 0 Datasheet Link=https://www.digikey.ph/en/products/detail/nkk-switches/B22AP/379102?srsltid=AfmBOoq2ffh3TUAnDNiZJlaVxYCDEPLtTEJlIOaBAa2Y6mNiDAISLYZb
U 2667000 -508000 254000 0 2 0 Height=23.1
U 2667000 -762000 254000 0 2 0 Mouser Part Number=633-B22AP
U 2667000 -1016000 254000 0 2 0 Mouser Price/Stock=https://www.mouser.co.uk/ProductDetail/NKK-Switches/B22AP?qs=j%2Fw1qMK5FF4ADLD4OYx5DQ%3D%3D
U 2667000 -1270000 254000 0 2 0 Manufacturer_Name=NKK Switches
U 2667000 -1524000 254000 0 2 0 Manufacturer_Part_Number=B22AP
U 0 0 254000 0 1 0 FORWARD_PCB=1
l 5 508000 254000 2540000 254000 2540000 -762000 508000 -762000 508000 254000
|GRPHSTL -1 -1 -1 1
P 1 3048000 0 2540000 0 0 3 0
L 2463800 0 228600 0 8 0 1 0 NO_1
A 2692400 50800 203200 0 3 3 #=1
A 0 0 9 0 3 0 PINTYPE=BI
P 2 3048000 -254000 2540000 -254000 0 3 0
L 2463800 -254000 228600 0 8 0 1 0 COM_1
A 2692400 -203200 203200 0 3 3 #=2
A 0 0 9 0 3 0 PINTYPE=BI
P 3 3048000 -508000 2540000 -508000 0 3 0
L 2463800 -508000 228600 0 8 0 1 0 NC_1
A 2692400 -457200 203200 0 3 3 #=3
A 0 0 9 0 3 0 PINTYPE=BI
P 4 0 0 508000 0 0 2 0
L 584200 0 228600 0 2 0 1 0 NO_2
A 355600 50800 203200 0 9 3 #=4
A 0 0 9 0 3 0 PINTYPE=BI
P 5 0 -254000 508000 -254000 0 2 0
L 584200 -254000 228600 0 2 0 1 0 COM_2
A 355600 -203200 203200 0 9 3 #=5
A 0 0 9 0 3 0 PINTYPE=BI
P 6 0 -508000 508000 -508000 0 2 0
L 584200 -508000 228600 0 2 0 1 0 NC_2
A 355600 -457200 203200 0 9 3 #=6
A 0 0 9 0 3 0 PINTYPE=BI
E
