V 54
K 1
D 0 -2032000 4064000 0
Y 1
U 3683000 762000 254000 0 2 3 REFDES=IC?
U 3683000 508000 254000 0 2 3 DEVICE=OPA462IDDAR
U 3683000 254000 254000 0 2 0 PKG_TYPE=SOIC127P600X170-9N
U 3683000 0 254000 0 2 0 Description=High-Voltage, High-Current (30-mA) Operational Amplifier
U 3683000 -254000 254000 0 2 0 Datasheet Link=https://www.ti.com/lit/gpn/OPA462
U 3683000 -508000 254000 0 2 0 Height=1.7
U 3683000 -762000 254000 0 2 0 Mouser Part Number=595-OPA462IDDAR
U 3683000 -1016000 254000 0 2 0 Mouser Price/Stock=https://www.mouser.co.uk/ProductDetail/Texas-Instruments/OPA462IDDAR?qs=9r4v7xj2Lnl6T1pF18R4kw%3D%3D
U 3683000 -1270000 254000 0 2 0 Manufacturer_Name=Texas Instruments
U 3683000 -1524000 254000 0 2 0 Manufacturer_Part_Number=OPA462IDDAR
U 0 0 254000 0 1 0 FORWARD_PCB=1
l 5 508000 254000 3556000 254000 3556000 -1524000 508000 -1524000 508000 254000
|GRPHSTL -1 -1 -1 1
P 1 0 0 508000 0 0 2 0
L 584200 0 228600 0 2 0 1 0 E/D_COM
A 355600 50800 203200 0 9 3 #=1
A 0 0 9 0 3 0 PINTYPE=BI
P 2 0 -254000 508000 -254000 0 2 0
L 584200 -254000 228600 0 2 0 1 0 -IN
A 355600 -203200 203200 0 9 3 #=2
A 0 0 9 0 3 0 PINTYPE=BI
P 3 0 -508000 508000 -508000 0 2 0
L 584200 -508000 228600 0 2 0 1 0 +IN
A 355600 -457200 203200 0 9 3 #=3
A 0 0 9 0 3 0 PINTYPE=BI
P 4 0 -762000 508000 -762000 0 2 0
L 584200 -762000 228600 0 2 0 1 0 V-
A 355600 -711200 203200 0 9 3 #=4
A 0 0 9 0 3 0 PINTYPE=BI
P 5 2032000 -2032000 2032000 -1524000 0 1 0
L 2032000 -1447800 228600 1 2 0 1 0 EP
A 1981200 -1676400 203200 1 9 3 #=9
A 0 0 9 0 3 0 PINTYPE=BI
P 6 4064000 0 3556000 0 0 3 0
L 3479800 0 228600 0 8 0 1 0 E/D
A 3708400 50800 203200 0 3 3 #=8
A 0 0 9 0 3 0 PINTYPE=BI
P 7 4064000 -254000 3556000 -254000 0 3 0
L 3479800 -254000 228600 0 8 0 1 0 V+
A 3708400 -203200 203200 0 3 3 #=7
A 0 0 9 0 3 0 PINTYPE=BI
P 8 4064000 -508000 3556000 -508000 0 3 0
L 3479800 -508000 228600 0 8 0 1 0 OUT
A 3708400 -457200 203200 0 3 3 #=6
A 0 0 9 0 3 0 PINTYPE=BI
P 9 4064000 -762000 3556000 -762000 0 3 0
L 3479800 -762000 228600 0 8 0 1 0 STATUS_FLAG
A 3708400 -711200 203200 0 3 3 #=5
A 0 0 9 0 3 0 PINTYPE=BI
E
